solid Untitled-62e170b1
facet normal -1.0 0.0 0.0
  outer loop
    vertex -2.7999999523162837 2.7999999523162837 4.999999999999999
    vertex -2.7999999523162837 -2.7999999523162837 0.0
    vertex -2.7999999523162837 -2.7999999523162837 4.999999999999999
  endloop
endfacet
facet normal -1.0 0.0 0.0
  outer loop
    vertex -2.7999999523162837 -2.7999999523162837 0.0
    vertex -2.7999999523162837 2.7999999523162837 4.999999999999999
    vertex -2.7999999523162837 2.7999999523162837 0.0
  endloop
endfacet
facet normal -0.0 1.0 -0.0
  outer loop
    vertex -2.7999999523162837 2.7999999523162837 4.999999999999999
    vertex 2.7999999523162837 2.7999999523162837 0.0
    vertex -2.7999999523162837 2.7999999523162837 0.0
  endloop
endfacet
facet normal -0.0 1.0 -0.0
  outer loop
    vertex 2.7999999523162837 2.7999999523162837 0.0
    vertex -2.7999999523162837 2.7999999523162837 4.999999999999999
    vertex 2.7999999523162837 2.7999999523162837 4.999999999999999
  endloop
endfacet
facet normal 0.0 0.0 -1.0
  outer loop
    vertex -2.7999999523162837 2.7999999523162837 0.0
    vertex -1.5454813241958618 0.4141104817390442 0.0
    vertex -2.7999999523162837 -2.7999999523162837 0.0
  endloop
endfacet
facet normal 0.0 0.0 -1.0
  outer loop
    vertex -1.5454813241958618 0.4141104817390442 0.0
    vertex -2.7999999523162837 2.7999999523162837 0.0
    vertex -1.3856406211853027 0.8000000119209288 0.0
  endloop
endfacet
facet normal 0.0 0.0 -1.0
  outer loop
    vertex -1.3856406211853027 0.8000000119209288 0.0
    vertex -2.7999999523162837 2.7999999523162837 0.0
    vertex -1.1313709020614624 1.1313709020614624 0.0
  endloop
endfacet
facet normal 0.0 0.0 -1.0
  outer loop
    vertex -1.1313709020614624 1.1313709020614624 0.0
    vertex -2.7999999523162837 2.7999999523162837 0.0
    vertex -0.8000000119209288 1.3856406211853027 0.0
  endloop
endfacet
facet normal 0.0 0.0 -1.0
  outer loop
    vertex -0.8000000119209288 1.3856406211853027 0.0
    vertex -2.7999999523162837 2.7999999523162837 0.0
    vertex -0.4141104817390442 1.5454813241958618 0.0
  endloop
endfacet
facet normal 0.0 0.0 -1.0
  outer loop
    vertex -0.4141104817390442 1.5454813241958618 0.0
    vertex -2.7999999523162837 2.7999999523162837 0.0
    vertex 2.7999999523162837 2.7999999523162837 0.0
  endloop
endfacet
facet normal 0.0 0.0 -1.0
  outer loop
    vertex -2.7999999523162837 -2.7999999523162837 0.0
    vertex -1.5454813241958618 0.4141104817390442 0.0
    vertex -1.6000000238418577 1.9594348317873706e-16 0.0
  endloop
endfacet
facet normal 0.0 0.0 -1.0
  outer loop
    vertex -0.4141104817390442 1.5454813241958618 0.0
    vertex 2.7999999523162837 2.7999999523162837 0.0
    vertex 9.797174158936853e-17 1.6000000238418577 0.0
  endloop
endfacet
facet normal 0.0 0.0 -1.0
  outer loop
    vertex 9.797174158936853e-17 1.6000000238418577 0.0
    vertex 2.7999999523162837 2.7999999523162837 0.0
    vertex 0.4141104817390442 1.5454813241958618 0.0
  endloop
endfacet
facet normal 0.0 0.0 -1.0
  outer loop
    vertex 0.4141104817390442 1.5454813241958618 0.0
    vertex 2.7999999523162837 2.7999999523162837 0.0
    vertex 0.8000000119209288 1.3856406211853027 0.0
  endloop
endfacet
facet normal 0.0 0.0 -1.0
  outer loop
    vertex 0.8000000119209288 1.3856406211853027 0.0
    vertex 2.7999999523162837 2.7999999523162837 0.0
    vertex 1.1313709020614624 1.1313709020614624 0.0
  endloop
endfacet
facet normal 0.0 0.0 -1.0
  outer loop
    vertex 1.1313709020614624 1.1313709020614624 0.0
    vertex 2.7999999523162837 2.7999999523162837 0.0
    vertex 1.3856406211853027 0.8000000119209288 0.0
  endloop
endfacet
facet normal 0.0 0.0 -1.0
  outer loop
    vertex 1.3856406211853027 0.8000000119209288 0.0
    vertex 2.7999999523162837 2.7999999523162837 0.0
    vertex 1.5454813241958618 0.4141104817390442 0.0
  endloop
endfacet
facet normal 0.0 0.0 -1.0
  outer loop
    vertex 1.5454813241958618 0.4141104817390442 0.0
    vertex 2.7999999523162837 2.7999999523162837 0.0
    vertex 1.6000000238418577 0.0 0.0
  endloop
endfacet
facet normal 0.0 0.0 -1.0
  outer loop
    vertex -2.7999999523162837 -2.7999999523162837 0.0
    vertex -0.4141104817390442 -1.5454813241958618 0.0
    vertex 2.7999999523162837 -2.7999999523162837 0.0
  endloop
endfacet
facet normal 0.0 0.0 -1.0
  outer loop
    vertex -0.4141104817390442 -1.5454813241958618 0.0
    vertex -2.7999999523162837 -2.7999999523162837 0.0
    vertex -0.8000000119209288 -1.3856406211853027 0.0
  endloop
endfacet
facet normal 0.0 0.0 -1.0
  outer loop
    vertex -0.8000000119209288 -1.3856406211853027 0.0
    vertex -2.7999999523162837 -2.7999999523162837 0.0
    vertex -1.1313709020614624 -1.1313709020614624 0.0
  endloop
endfacet
facet normal 0.0 0.0 -1.0
  outer loop
    vertex -1.1313709020614624 -1.1313709020614624 0.0
    vertex -2.7999999523162837 -2.7999999523162837 0.0
    vertex -1.3856406211853027 -0.8000000119209288 0.0
  endloop
endfacet
facet normal 0.0 0.0 -1.0
  outer loop
    vertex -1.3856406211853027 -0.8000000119209288 0.0
    vertex -2.7999999523162837 -2.7999999523162837 0.0
    vertex -1.5454813241958618 -0.4141104817390442 0.0
  endloop
endfacet
facet normal 0.0 0.0 -1.0
  outer loop
    vertex -1.5454813241958618 -0.4141104817390442 0.0
    vertex -2.7999999523162837 -2.7999999523162837 0.0
    vertex -1.6000000238418577 1.9594348317873706e-16 0.0
  endloop
endfacet
facet normal 0.0 0.0 -1.0
  outer loop
    vertex 2.7999999523162837 -2.7999999523162837 0.0
    vertex -0.4141104817390442 -1.5454813241958618 0.0
    vertex -2.939152446204403e-16 -1.6000000238418577 0.0
  endloop
endfacet
facet normal 0.0 0.0 -1.0
  outer loop
    vertex 2.7999999523162837 -2.7999999523162837 0.0
    vertex -2.939152446204403e-16 -1.6000000238418577 0.0
    vertex 0.4141104817390442 -1.5454813241958618 0.0
  endloop
endfacet
facet normal 0.0 0.0 -1.0
  outer loop
    vertex 2.7999999523162837 -2.7999999523162837 0.0
    vertex 0.4141104817390442 -1.5454813241958618 0.0
    vertex 0.8000000119209288 -1.3856406211853027 0.0
  endloop
endfacet
facet normal 0.0 0.0 -1.0
  outer loop
    vertex 2.7999999523162837 -2.7999999523162837 0.0
    vertex 0.8000000119209288 -1.3856406211853027 0.0
    vertex 1.1313709020614624 -1.1313709020614624 0.0
  endloop
endfacet
facet normal 0.0 0.0 -1.0
  outer loop
    vertex 2.7999999523162837 -2.7999999523162837 0.0
    vertex 1.1313709020614624 -1.1313709020614624 0.0
    vertex 1.3856406211853027 -0.8000000119209288 0.0
  endloop
endfacet
facet normal 0.0 0.0 -1.0
  outer loop
    vertex 2.7999999523162837 -2.7999999523162837 0.0
    vertex 1.3856406211853027 -0.8000000119209288 0.0
    vertex 1.5454813241958618 -0.4141104817390442 0.0
  endloop
endfacet
facet normal 0.0 0.0 -1.0
  outer loop
    vertex 2.7999999523162837 -2.7999999523162837 0.0
    vertex 1.5454813241958618 -0.4141104817390442 0.0
    vertex 1.6000000238418577 0.0 0.0
  endloop
endfacet
facet normal 0.0 0.0 -1.0
  outer loop
    vertex 2.7999999523162837 -2.7999999523162837 0.0
    vertex 1.6000000238418577 0.0 0.0
    vertex 2.7999999523162837 2.7999999523162837 0.0
  endloop
endfacet
facet normal 0.13052624034151705 -0.9914448550384981 0.0
  outer loop
    vertex 9.797174158936866e-17 1.6000000238418577 4.999999999999999
    vertex -0.4141104817390442 1.5454813241958618 0.0
    vertex 9.797174158936853e-17 1.6000000238418577 0.0
  endloop
endfacet
facet normal 0.13052624034151705 -0.9914448550384981 0.0
  outer loop
    vertex -0.4141104817390442 1.5454813241958618 0.0
    vertex 9.797174158936866e-17 1.6000000238418577 4.999999999999999
    vertex -0.4141104817390442 1.5454813241958618 4.999999999999999
  endloop
endfacet
facet normal -0.13052624034151705 -0.9914448550384981 0.0
  outer loop
    vertex 0.4141104817390442 1.5454813241958618 4.999999999999999
    vertex 9.797174158936853e-17 1.6000000238418577 0.0
    vertex 0.4141104817390442 1.5454813241958618 0.0
  endloop
endfacet
facet normal -0.13052624034151705 -0.9914448550384981 0.0
  outer loop
    vertex 9.797174158936853e-17 1.6000000238418577 0.0
    vertex 0.4141104817390442 1.5454813241958618 4.999999999999999
    vertex 9.797174158936866e-17 1.6000000238418577 4.999999999999999
  endloop
endfacet
facet normal -1.354610935590725e-31 -1.0793024193588925e-31 1.0
  outer loop
    vertex -2.7999999523162837 -2.7999999523162837 4.999999999999999
    vertex -1.5454813241958618 -0.4141104817390442 4.999999999999999
    vertex -2.7999999523162837 2.7999999523162837 4.999999999999999
  endloop
endfacet
facet normal -1.354610935590725e-31 -1.0793024193588925e-31 1.0
  outer loop
    vertex -1.5454813241958618 -0.4141104817390442 4.999999999999999
    vertex -2.7999999523162837 -2.7999999523162837 4.999999999999999
    vertex -1.3856406211853027 -0.8000000119209288 4.999999999999999
  endloop
endfacet
facet normal -1.354610935590725e-31 -1.0793024193588925e-31 1.0
  outer loop
    vertex -1.3856406211853027 -0.8000000119209288 4.999999999999999
    vertex -2.7999999523162837 -2.7999999523162837 4.999999999999999
    vertex -1.1313709020614624 -1.1313709020614624 4.999999999999999
  endloop
endfacet
facet normal -1.354610935590725e-31 -1.0793024193588925e-31 1.0
  outer loop
    vertex -1.1313709020614624 -1.1313709020614624 4.999999999999999
    vertex -2.7999999523162837 -2.7999999523162837 4.999999999999999
    vertex -0.8000000119209288 -1.3856406211853027 4.999999999999999
  endloop
endfacet
facet normal -1.354610935590725e-31 -1.0793024193588925e-31 1.0
  outer loop
    vertex -0.8000000119209288 -1.3856406211853027 4.999999999999999
    vertex -2.7999999523162837 -2.7999999523162837 4.999999999999999
    vertex -0.4141104817390442 -1.5454813241958618 4.999999999999999
  endloop
endfacet
facet normal -1.354610935590725e-31 -1.0793024193588925e-31 1.0
  outer loop
    vertex -0.4141104817390442 -1.5454813241958618 4.999999999999999
    vertex -2.7999999523162837 -2.7999999523162837 4.999999999999999
    vertex 2.7999999523162837 -2.7999999523162837 4.999999999999999
  endloop
endfacet
facet normal -1.354610935590725e-31 -1.0793024193588925e-31 1.0
  outer loop
    vertex -2.7999999523162837 2.7999999523162837 4.999999999999999
    vertex -1.5454813241958618 -0.4141104817390442 4.999999999999999
    vertex -1.6000000238418577 1.9594348317873715e-16 4.999999999999999
  endloop
endfacet
facet normal -1.354610935590725e-31 -1.0793024193588925e-31 1.0
  outer loop
    vertex -0.4141104817390442 -1.5454813241958618 4.999999999999999
    vertex 2.7999999523162837 -2.7999999523162837 4.999999999999999
    vertex -2.9391524462044014e-16 -1.6000000238418577 4.999999999999999
  endloop
endfacet
facet normal -1.354610935590725e-31 -1.0793024193588925e-31 1.0
  outer loop
    vertex -2.9391524462044014e-16 -1.6000000238418577 4.999999999999999
    vertex 2.7999999523162837 -2.7999999523162837 4.999999999999999
    vertex 0.4141104817390442 -1.5454813241958618 4.999999999999999
  endloop
endfacet
facet normal -1.354610935590725e-31 -1.0793024193588925e-31 1.0
  outer loop
    vertex 0.4141104817390442 -1.5454813241958618 4.999999999999999
    vertex 2.7999999523162837 -2.7999999523162837 4.999999999999999
    vertex 0.8000000119209288 -1.3856406211853027 4.999999999999999
  endloop
endfacet
facet normal -1.354610935590725e-31 -1.0793024193588925e-31 1.0
  outer loop
    vertex 0.8000000119209288 -1.3856406211853027 4.999999999999999
    vertex 2.7999999523162837 -2.7999999523162837 4.999999999999999
    vertex 1.1313709020614624 -1.1313709020614624 4.999999999999999
  endloop
endfacet
facet normal -1.354610935590725e-31 -1.0793024193588925e-31 1.0
  outer loop
    vertex 1.1313709020614624 -1.1313709020614624 4.999999999999999
    vertex 2.7999999523162837 -2.7999999523162837 4.999999999999999
    vertex 1.3856406211853027 -0.8000000119209288 4.999999999999999
  endloop
endfacet
facet normal -1.354610935590725e-31 -1.0793024193588925e-31 1.0
  outer loop
    vertex 1.3856406211853027 -0.8000000119209288 4.999999999999999
    vertex 2.7999999523162837 -2.7999999523162837 4.999999999999999
    vertex 1.5454813241958618 -0.4141104817390442 4.999999999999999
  endloop
endfacet
facet normal -1.354610935590725e-31 -1.0793024193588925e-31 1.0
  outer loop
    vertex 1.5454813241958618 -0.4141104817390442 4.999999999999999
    vertex 2.7999999523162837 -2.7999999523162837 4.999999999999999
    vertex 1.6000000238418577 1.0793024193588923e-31 4.999999999999999
  endloop
endfacet
facet normal -1.354610935590725e-31 -1.0793024193588925e-31 1.0
  outer loop
    vertex -2.7999999523162837 2.7999999523162837 4.999999999999999
    vertex -0.4141104817390442 1.5454813241958618 4.999999999999999
    vertex 2.7999999523162837 2.7999999523162837 4.999999999999999
  endloop
endfacet
facet normal -1.354610935590725e-31 -1.0793024193588925e-31 1.0
  outer loop
    vertex -0.4141104817390442 1.5454813241958618 4.999999999999999
    vertex -2.7999999523162837 2.7999999523162837 4.999999999999999
    vertex -0.8000000119209288 1.3856406211853027 4.999999999999999
  endloop
endfacet
facet normal -1.354610935590725e-31 -1.0793024193588925e-31 1.0
  outer loop
    vertex -0.8000000119209288 1.3856406211853027 4.999999999999999
    vertex -2.7999999523162837 2.7999999523162837 4.999999999999999
    vertex -1.1313709020614624 1.1313709020614624 4.999999999999999
  endloop
endfacet
facet normal -1.354610935590725e-31 -1.0793024193588925e-31 1.0
  outer loop
    vertex -1.1313709020614624 1.1313709020614624 4.999999999999999
    vertex -2.7999999523162837 2.7999999523162837 4.999999999999999
    vertex -1.3856406211853027 0.8000000119209288 4.999999999999999
  endloop
endfacet
facet normal -1.354610935590725e-31 -1.0793024193588925e-31 1.0
  outer loop
    vertex -1.3856406211853027 0.8000000119209288 4.999999999999999
    vertex -2.7999999523162837 2.7999999523162837 4.999999999999999
    vertex -1.5454813241958618 0.4141104817390442 4.999999999999999
  endloop
endfacet
facet normal -1.354610935590725e-31 -1.0793024193588925e-31 1.0
  outer loop
    vertex -1.5454813241958618 0.4141104817390442 4.999999999999999
    vertex -2.7999999523162837 2.7999999523162837 4.999999999999999
    vertex -1.6000000238418577 1.9594348317873715e-16 4.999999999999999
  endloop
endfacet
facet normal -1.354610935590725e-31 -1.0793024193588925e-31 1.0
  outer loop
    vertex 2.7999999523162837 2.7999999523162837 4.999999999999999
    vertex -0.4141104817390442 1.5454813241958618 4.999999999999999
    vertex 9.797174158936866e-17 1.6000000238418577 4.999999999999999
  endloop
endfacet
facet normal -1.354610935590725e-31 -1.0793024193588925e-31 1.0
  outer loop
    vertex 2.7999999523162837 2.7999999523162837 4.999999999999999
    vertex 9.797174158936866e-17 1.6000000238418577 4.999999999999999
    vertex 0.4141104817390442 1.5454813241958618 4.999999999999999
  endloop
endfacet
facet normal -1.354610935590725e-31 -1.0793024193588925e-31 1.0
  outer loop
    vertex 2.7999999523162837 2.7999999523162837 4.999999999999999
    vertex 0.4141104817390442 1.5454813241958618 4.999999999999999
    vertex 0.8000000119209288 1.3856406211853027 4.999999999999999
  endloop
endfacet
facet normal -1.354610935590725e-31 -1.0793024193588925e-31 1.0
  outer loop
    vertex 2.7999999523162837 2.7999999523162837 4.999999999999999
    vertex 0.8000000119209288 1.3856406211853027 4.999999999999999
    vertex 1.1313709020614624 1.1313709020614624 4.999999999999999
  endloop
endfacet
facet normal -1.354610935590725e-31 -1.0793024193588925e-31 1.0
  outer loop
    vertex 2.7999999523162837 2.7999999523162837 4.999999999999999
    vertex 1.1313709020614624 1.1313709020614624 4.999999999999999
    vertex 1.3856406211853027 0.8000000119209288 4.999999999999999
  endloop
endfacet
facet normal -1.354610935590725e-31 -1.0793024193588925e-31 1.0
  outer loop
    vertex 2.7999999523162837 2.7999999523162837 4.999999999999999
    vertex 1.3856406211853027 0.8000000119209288 4.999999999999999
    vertex 1.5454813241958618 0.4141104817390442 4.999999999999999
  endloop
endfacet
facet normal -1.354610935590725e-31 -1.0793024193588925e-31 1.0
  outer loop
    vertex 2.7999999523162837 2.7999999523162837 4.999999999999999
    vertex 1.5454813241958618 0.4141104817390442 4.999999999999999
    vertex 1.6000000238418577 1.0793024193588923e-31 4.999999999999999
  endloop
endfacet
facet normal -1.354610935590725e-31 -1.0793024193588925e-31 1.0
  outer loop
    vertex 2.7999999523162837 2.7999999523162837 4.999999999999999
    vertex 1.6000000238418577 1.0793024193588923e-31 4.999999999999999
    vertex 2.7999999523162837 -2.7999999523162837 4.999999999999999
  endloop
endfacet
facet normal 1.0 -0.0 -0.0
  outer loop
    vertex 2.7999999523162837 2.7999999523162837 0.0
    vertex 2.7999999523162837 -2.7999999523162837 4.999999999999999
    vertex 2.7999999523162837 -2.7999999523162837 0.0
  endloop
endfacet
facet normal 1.0 -0.0 -0.0
  outer loop
    vertex 2.7999999523162837 -2.7999999523162837 4.999999999999999
    vertex 2.7999999523162837 2.7999999523162837 0.0
    vertex 2.7999999523162837 2.7999999523162837 4.999999999999999
  endloop
endfacet
facet normal -0.9914448550384981 -0.13052624034151708 0.0
  outer loop
    vertex 1.6000000238418577 1.0793024193588923e-31 4.999999999999999
    vertex 1.5454813241958618 0.4141104817390442 0.0
    vertex 1.6000000238418577 0.0 0.0
  endloop
endfacet
facet normal -0.9914448550384981 -0.13052624034151708 0.0
  outer loop
    vertex 1.5454813241958618 0.4141104817390442 0.0
    vertex 1.6000000238418577 1.0793024193588923e-31 4.999999999999999
    vertex 1.5454813241958618 0.4141104817390442 4.999999999999999
  endloop
endfacet
facet normal -0.9238795104766662 -0.38268348556136583 0.0
  outer loop
    vertex 1.3856406211853027 0.8000000119209288 4.999999999999999
    vertex 1.5454813241958618 0.4141104817390442 0.0
    vertex 1.5454813241958618 0.4141104817390442 4.999999999999999
  endloop
endfacet
facet normal -0.9238795104766662 -0.38268348556136583 0.0
  outer loop
    vertex 1.5454813241958618 0.4141104817390442 0.0
    vertex 1.3856406211853027 0.8000000119209288 4.999999999999999
    vertex 1.3856406211853027 0.8000000119209288 0.0
  endloop
endfacet
facet normal -0.7933534650681472 -0.6087612663962484 0.0
  outer loop
    vertex 1.1313709020614624 1.1313709020614624 4.999999999999999
    vertex 1.3856406211853027 0.8000000119209288 0.0
    vertex 1.3856406211853027 0.8000000119209288 4.999999999999999
  endloop
endfacet
facet normal -0.7933534650681472 -0.6087612663962484 0.0
  outer loop
    vertex 1.3856406211853027 0.8000000119209288 0.0
    vertex 1.1313709020614624 1.1313709020614624 4.999999999999999
    vertex 1.1313709020614624 1.1313709020614624 0.0
  endloop
endfacet
facet normal -0.6087612663962484 -0.7933534650681472 0.0
  outer loop
    vertex 1.1313709020614624 1.1313709020614624 4.999999999999999
    vertex 0.8000000119209288 1.3856406211853027 0.0
    vertex 1.1313709020614624 1.1313709020614624 0.0
  endloop
endfacet
facet normal -0.6087612663962484 -0.7933534650681472 0.0
  outer loop
    vertex 0.8000000119209288 1.3856406211853027 0.0
    vertex 1.1313709020614624 1.1313709020614624 4.999999999999999
    vertex 0.8000000119209288 1.3856406211853027 4.999999999999999
  endloop
endfacet
facet normal -0.3826834855613657 -0.9238795104766662 0.0
  outer loop
    vertex 0.8000000119209288 1.3856406211853027 4.999999999999999
    vertex 0.4141104817390442 1.5454813241958618 0.0
    vertex 0.8000000119209288 1.3856406211853027 0.0
  endloop
endfacet
facet normal -0.3826834855613657 -0.9238795104766662 0.0
  outer loop
    vertex 0.4141104817390442 1.5454813241958618 0.0
    vertex 0.8000000119209288 1.3856406211853027 4.999999999999999
    vertex 0.4141104817390442 1.5454813241958618 4.999999999999999
  endloop
endfacet
facet normal -0.9914448550384981 0.13052624034151708 0.0
  outer loop
    vertex 1.6000000238418577 1.0793024193588923e-31 4.999999999999999
    vertex 1.5454813241958618 -0.4141104817390442 0.0
    vertex 1.5454813241958618 -0.4141104817390442 4.999999999999999
  endloop
endfacet
facet normal -0.9914448550384981 0.13052624034151708 0.0
  outer loop
    vertex 1.5454813241958618 -0.4141104817390442 0.0
    vertex 1.6000000238418577 1.0793024193588923e-31 4.999999999999999
    vertex 1.6000000238418577 0.0 0.0
  endloop
endfacet
facet normal -0.9238795104766662 0.3826834855613657 0.0
  outer loop
    vertex 1.5454813241958618 -0.4141104817390442 4.999999999999999
    vertex 1.3856406211853027 -0.8000000119209288 0.0
    vertex 1.3856406211853027 -0.8000000119209288 4.999999999999999
  endloop
endfacet
facet normal -0.9238795104766662 0.3826834855613657 0.0
  outer loop
    vertex 1.3856406211853027 -0.8000000119209288 0.0
    vertex 1.5454813241958618 -0.4141104817390442 4.999999999999999
    vertex 1.5454813241958618 -0.4141104817390442 0.0
  endloop
endfacet
facet normal -0.7933534650681472 0.6087612663962484 0.0
  outer loop
    vertex 1.3856406211853027 -0.8000000119209288 4.999999999999999
    vertex 1.1313709020614624 -1.1313709020614624 0.0
    vertex 1.1313709020614624 -1.1313709020614624 4.999999999999999
  endloop
endfacet
facet normal -0.7933534650681472 0.6087612663962484 0.0
  outer loop
    vertex 1.1313709020614624 -1.1313709020614624 0.0
    vertex 1.3856406211853027 -0.8000000119209288 4.999999999999999
    vertex 1.3856406211853027 -0.8000000119209288 0.0
  endloop
endfacet
facet normal -0.6087612663962484 0.7933534650681472 -0.0
  outer loop
    vertex 0.8000000119209288 -1.3856406211853027 4.999999999999999
    vertex 1.1313709020614624 -1.1313709020614624 0.0
    vertex 0.8000000119209288 -1.3856406211853027 0.0
  endloop
endfacet
facet normal -0.6087612663962484 0.7933534650681472 -0.0
  outer loop
    vertex 1.1313709020614624 -1.1313709020614624 0.0
    vertex 0.8000000119209288 -1.3856406211853027 4.999999999999999
    vertex 1.1313709020614624 -1.1313709020614624 4.999999999999999
  endloop
endfacet
facet normal -0.3826834855613657 0.9238795104766662 -0.0
  outer loop
    vertex 0.4141104817390442 -1.5454813241958618 4.999999999999999
    vertex 0.8000000119209288 -1.3856406211853027 0.0
    vertex 0.4141104817390442 -1.5454813241958618 0.0
  endloop
endfacet
facet normal -0.3826834855613657 0.9238795104766662 -0.0
  outer loop
    vertex 0.8000000119209288 -1.3856406211853027 0.0
    vertex 0.4141104817390442 -1.5454813241958618 4.999999999999999
    vertex 0.8000000119209288 -1.3856406211853027 4.999999999999999
  endloop
endfacet
facet normal -0.13052624034151697 0.9914448550384981 -0.0
  outer loop
    vertex -2.9391524462044014e-16 -1.6000000238418577 4.999999999999999
    vertex 0.4141104817390442 -1.5454813241958618 0.0
    vertex -2.939152446204403e-16 -1.6000000238418577 0.0
  endloop
endfacet
facet normal -0.13052624034151697 0.9914448550384981 -0.0
  outer loop
    vertex 0.4141104817390442 -1.5454813241958618 0.0
    vertex -2.9391524462044014e-16 -1.6000000238418577 4.999999999999999
    vertex 0.4141104817390442 -1.5454813241958618 4.999999999999999
  endloop
endfacet
facet normal 0.13052624034151714 0.9914448550384981 -0.0
  outer loop
    vertex -0.4141104817390442 -1.5454813241958618 4.999999999999999
    vertex -2.939152446204403e-16 -1.6000000238418577 0.0
    vertex -0.4141104817390442 -1.5454813241958618 0.0
  endloop
endfacet
facet normal 0.13052624034151714 0.9914448550384981 -0.0
  outer loop
    vertex -2.939152446204403e-16 -1.6000000238418577 0.0
    vertex -0.4141104817390442 -1.5454813241958618 4.999999999999999
    vertex -2.9391524462044014e-16 -1.6000000238418577 4.999999999999999
  endloop
endfacet
facet normal 0.38268348556136583 0.9238795104766662 -0.0
  outer loop
    vertex -0.8000000119209288 -1.3856406211853027 4.999999999999999
    vertex -0.4141104817390442 -1.5454813241958618 0.0
    vertex -0.8000000119209288 -1.3856406211853027 0.0
  endloop
endfacet
facet normal 0.38268348556136583 0.9238795104766662 -0.0
  outer loop
    vertex -0.4141104817390442 -1.5454813241958618 0.0
    vertex -0.8000000119209288 -1.3856406211853027 4.999999999999999
    vertex -0.4141104817390442 -1.5454813241958618 4.999999999999999
  endloop
endfacet
facet normal 0.0 -1.0 0.0
  outer loop
    vertex 2.7999999523162837 -2.7999999523162837 4.999999999999999
    vertex -2.7999999523162837 -2.7999999523162837 0.0
    vertex 2.7999999523162837 -2.7999999523162837 0.0
  endloop
endfacet
facet normal 0.0 -1.0 0.0
  outer loop
    vertex -2.7999999523162837 -2.7999999523162837 0.0
    vertex 2.7999999523162837 -2.7999999523162837 4.999999999999999
    vertex -2.7999999523162837 -2.7999999523162837 4.999999999999999
  endloop
endfacet
facet normal 0.6087612663962484 0.7933534650681472 -0.0
  outer loop
    vertex -1.1313709020614624 -1.1313709020614624 4.999999999999999
    vertex -0.8000000119209288 -1.3856406211853027 0.0
    vertex -1.1313709020614624 -1.1313709020614624 0.0
  endloop
endfacet
facet normal 0.6087612663962484 0.7933534650681472 -0.0
  outer loop
    vertex -0.8000000119209288 -1.3856406211853027 0.0
    vertex -1.1313709020614624 -1.1313709020614624 4.999999999999999
    vertex -0.8000000119209288 -1.3856406211853027 4.999999999999999
  endloop
endfacet
facet normal 0.7933534650681472 0.6087612663962484 -0.0
  outer loop
    vertex -1.3856406211853027 -0.8000000119209288 0.0
    vertex -1.1313709020614624 -1.1313709020614624 4.999999999999999
    vertex -1.1313709020614624 -1.1313709020614624 0.0
  endloop
endfacet
facet normal 0.7933534650681472 0.6087612663962484 -0.0
  outer loop
    vertex -1.1313709020614624 -1.1313709020614624 4.999999999999999
    vertex -1.3856406211853027 -0.8000000119209288 0.0
    vertex -1.3856406211853027 -0.8000000119209288 4.999999999999999
  endloop
endfacet
facet normal 0.9238795104766662 0.38268348556136583 -0.0
  outer loop
    vertex -1.5454813241958618 -0.4141104817390442 0.0
    vertex -1.3856406211853027 -0.8000000119209288 4.999999999999999
    vertex -1.3856406211853027 -0.8000000119209288 0.0
  endloop
endfacet
facet normal 0.9238795104766662 0.38268348556136583 -0.0
  outer loop
    vertex -1.3856406211853027 -0.8000000119209288 4.999999999999999
    vertex -1.5454813241958618 -0.4141104817390442 0.0
    vertex -1.5454813241958618 -0.4141104817390442 4.999999999999999
  endloop
endfacet
facet normal 0.9914448550384981 -0.13052624034151714 -0.0
  outer loop
    vertex -1.5454813241958618 0.4141104817390442 0.0
    vertex -1.6000000238418577 1.9594348317873715e-16 4.999999999999999
    vertex -1.6000000238418577 1.9594348317873706e-16 0.0
  endloop
endfacet
facet normal 0.9914448550384981 -0.13052624034151714 -0.0
  outer loop
    vertex -1.6000000238418577 1.9594348317873715e-16 4.999999999999999
    vertex -1.5454813241958618 0.4141104817390442 0.0
    vertex -1.5454813241958618 0.4141104817390442 4.999999999999999
  endloop
endfacet
facet normal 0.9238795104766662 -0.3826834855613657 -0.0
  outer loop
    vertex -1.3856406211853027 0.8000000119209288 0.0
    vertex -1.5454813241958618 0.4141104817390442 4.999999999999999
    vertex -1.5454813241958618 0.4141104817390442 0.0
  endloop
endfacet
facet normal 0.9238795104766662 -0.3826834855613657 -0.0
  outer loop
    vertex -1.5454813241958618 0.4141104817390442 4.999999999999999
    vertex -1.3856406211853027 0.8000000119209288 0.0
    vertex -1.3856406211853027 0.8000000119209288 4.999999999999999
  endloop
endfacet
facet normal 0.7933534650681472 -0.6087612663962484 -0.0
  outer loop
    vertex -1.1313709020614624 1.1313709020614624 0.0
    vertex -1.3856406211853027 0.8000000119209288 4.999999999999999
    vertex -1.3856406211853027 0.8000000119209288 0.0
  endloop
endfacet
facet normal 0.7933534650681472 -0.6087612663962484 -0.0
  outer loop
    vertex -1.3856406211853027 0.8000000119209288 4.999999999999999
    vertex -1.1313709020614624 1.1313709020614624 0.0
    vertex -1.1313709020614624 1.1313709020614624 4.999999999999999
  endloop
endfacet
facet normal 0.6087612663962484 -0.7933534650681472 0.0
  outer loop
    vertex -0.8000000119209288 1.3856406211853027 4.999999999999999
    vertex -1.1313709020614624 1.1313709020614624 0.0
    vertex -0.8000000119209288 1.3856406211853027 0.0
  endloop
endfacet
facet normal 0.6087612663962484 -0.7933534650681472 0.0
  outer loop
    vertex -1.1313709020614624 1.1313709020614624 0.0
    vertex -0.8000000119209288 1.3856406211853027 4.999999999999999
    vertex -1.1313709020614624 1.1313709020614624 4.999999999999999
  endloop
endfacet
facet normal 0.3826834855613657 -0.9238795104766662 0.0
  outer loop
    vertex -0.4141104817390442 1.5454813241958618 4.999999999999999
    vertex -0.8000000119209288 1.3856406211853027 0.0
    vertex -0.4141104817390442 1.5454813241958618 0.0
  endloop
endfacet
facet normal 0.3826834855613657 -0.9238795104766662 0.0
  outer loop
    vertex -0.8000000119209288 1.3856406211853027 0.0
    vertex -0.4141104817390442 1.5454813241958618 4.999999999999999
    vertex -0.8000000119209288 1.3856406211853027 4.999999999999999
  endloop
endfacet
facet normal 0.9914448550384981 0.13052624034151702 -0.0
  outer loop
    vertex -1.6000000238418577 1.9594348317873706e-16 0.0
    vertex -1.5454813241958618 -0.4141104817390442 4.999999999999999
    vertex -1.5454813241958618 -0.4141104817390442 0.0
  endloop
endfacet
facet normal 0.9914448550384981 0.13052624034151702 -0.0
  outer loop
    vertex -1.5454813241958618 -0.4141104817390442 4.999999999999999
    vertex -1.6000000238418577 1.9594348317873706e-16 0.0
    vertex -1.6000000238418577 1.9594348317873715e-16 4.999999999999999
  endloop
endfacet
endsolid Untitled-62e170b1
